71
76
75
76
76
74
85
75
83
107
91
81
75
77
71
61
63
58
59
59
64
61
67
71
85
80
86
78
76
81
77
73
79
65
68
75
70
70
63
66
64
65
60
61
66
59
61
63
77
71
84
78
79
80
79
82
69
80
92
81
72
64
65
64
66
62
60
59
60
64
60
63
81
83
78
82
80
69
71
64
65
67
64
65
70
74
68
67
62
59
63
58
66
61
62
75
67
74
74
70
71
75
59
61
67
69
71
69
63
66
67
67
61
65
66
63
65
62
70
66
73
75
79
73
83
76
75
66
67
68
72
73
69
68
62
61
58
63
61
61
59
60
70
73
69
75
73
76
79
82
77
78
80
86
91
81
71
74
69
68
65
69
66
67
65
70
83
80
93
