85
86
81
85
90
87
86
91
93
89
90
87
86
91
93
89
85
90
87
86
91
86
81
85
85
86
81
85
90
87
86
91
93
89
90
87
86
91
93
89
85
90
87
86
91
86
81
85
85
86
81
85
90
87
86
91
93
89
90
87
86
91
93
89
85
90
87
86
91
86
81
85
85
86
81
85
90
87
86
91
93
89
90
87
86
91
93
89
85
90
87
86
91
86
81
85
85
86
81
85
90
87
86
91
93
89
90
87
86
91
93
89
85
90
87
86
91
86
81
85
85
86
81
85
90
87
86
91
93
89
90
87
86
91
93
89
85
90
87
86
91
86
81
85
85
86
81
85
90
87
86
91
93
89
90
87
86
91
93
89
85
90
87
86
91
86
81
85
85